0.000041007,1.25744e-07,-1.13694e-06,-1.3834e-06,4.25447e-07,-1.1088e-06,-8.83371e-08,0.00153398,-0.0168738,-0.0291456,0.0076699,-0.0245437,-0.00460194,
0.000857114,2.62829e-06,-2.37643e-05,-2.89158e-05,8.89267e-06,-2.3176e-05,-1.84642e-06,0.00153398,-0.0168738,-0.0291456,0.0076699,-0.0245437,-0.00460194,
0.010918140,3.36784e-05,-0.000304531,-0.000370558,0.000113952,-0.000296992,-2.36785e-05,0.00153398,-0.0168738,-0.0291456,0.0076699,-0.0245437,-0.00460194,
0.020944118,6.56324e-05,-0.000593571,-0.000722329,0.000222081,-0.000578873,-4.62407e-05,0.00153398,-0.0168738,-0.0291456,0.0076699,-0.0245437,-0.00460194,
0.030907154,9.93057e-05,-0.000898347,-0.00109336,0.000336051,-0.000876095,-7.01908e-05,0.00153398,-0.0168738,-0.0291456,0.0076699,-0.0245437,-0.00460194,
0.040945053,0.000136093,-0.00123157,-0.00149919,0.000460593,-0.00120105,-9.66004e-05,0.00153398,-0.0168738,-0.0291456,0.0076699,-0.0245437,-0.00460194,
0.050912141,0.000192663,-0.00174448,-0.00212416,0.000652163,-0.00170121,-0.000137702,0.00306796,-0.0490874,-0.078233,0.0245437,-0.0690291,-0.00613592,
0.060893058,0.000275556,-0.00249623,-0.00304061,0.000932774,-0.00243428,-0.000198718,0.00306796,-0.0490874,-0.078233,0.0245437,-0.0690291,-0.00613592,
0.070906162,0.000367543,-0.0033294,-0.00405663,0.0012437,-0.00324675,-0.000267177,0.00306796,-0.0490874,-0.078233,0.0245437,-0.0690291,-0.00613592,
0.080891132,0.000474001,-0.00429126,-0.0052298,0.0016026,-0.00418472,-0.000347227,0.00306796,-0.0490874,-0.078233,0.0245437,-0.0690291,-0.00613592,
0.090887069,0.00059601,-0.0053914,-0.00657221,0.00201278,-0.00525744,-0.000440258,0.00306796,-0.0490874,-0.078233,0.0245437,-0.0690291,-0.00613592,
0.100898981,0.000735585,-0.00664879,-0.00810738,0.00248094,-0.00648323,-0.00054825,0.0076699,-0.082835,-0.131922,0.0429515,-0.108913,-0.0122718,
0.110900163,0.000888512,-0.00802582,-0.00978941,0.00299319,-0.0078255,-0.000667975,0.0076699,-0.082835,-0.131922,0.0429515,-0.108913,-0.0122718,
0.120933055,0.00105067,-0.00948512,-0.0115725,0.00353601,-0.00924804,-0.000796218,0.0076699,-0.082835,-0.131922,0.0429515,-0.108913,-0.0122718,
0.130910158,0.00122521,-0.0110545,-0.0134907,0.00412002,-0.0107782,-0.000935863,0.0076699,-0.082835,-0.131922,0.0429515,-0.108913,-0.0122718,
0.140912055,0.00141248,-0.0127372,-0.0155484,0.00474601,-0.0124188,-0.00108804,0.0076699,-0.082835,-0.131922,0.0429515,-0.108913,-0.0122718,
0.150892019,0.00161671,-0.0145714,-0.0177928,0.00542765,-0.0142069,-0.00125658,0.0138058,-0.122718,-0.199418,0.0690291,-0.158,-0.0230097,
0.170898199,0.0020613,-0.0185615,-0.0226787,0.0069088,-0.0180961,-0.00163002,0.0138058,-0.122718,-0.199418,0.0690291,-0.158,-0.0230097,
0.180888175,0.00229962,-0.0206977,-0.0252959,0.00770145,-0.0201782,-0.00183367,0.0138058,-0.122718,-0.199418,0.0690291,-0.158,-0.0230097,
0.220925092,0.00338461,-0.0303879,-0.0371812,0.0112907,-0.0296228,-0.00279255,0.0199418,-0.171806,-0.279185,0.0935728,-0.214757,-0.0368155,
0.250887155,0.00431404,-0.0386717,-0.0473595,0.0143521,-0.0376947,-0.00365041,0.0260777,-0.245437,-0.371223,0.118117,-0.299126,-0.0536893,
0.260903120,0.00465384,-0.041693,-0.0510752,0.0154674,-0.0406381,-0.00397178,0.0260777,-0.245437,-0.371223,0.118117,-0.299126,-0.0536893,
0.280905008,0.00535379,-0.0479027,-0.0587178,0.017758,-0.0466883,-0.00464424,0.0260777,-0.245437,-0.371223,0.118117,-0.299126,-0.0536893,
0.300887107,0.0060953,-0.0544645,-0.066804,0.0201749,-0.0530817,-0.00537706,0.0322136,-0.337476,-0.474,0.145728,-0.375825,-0.0751651,
0.320916175,0.00688786,-0.0614708,-0.0754458,0.0227522,-0.0599065,-0.00617892,0.0322136,-0.337476,-0.474,0.145728,-0.375825,-0.0751651,
0.340891122,0.00770807,-0.0687056,-0.0843786,0.0254105,-0.0669536,-0.00702864,0.0322136,-0.337476,-0.474,0.145728,-0.375825,-0.0751651,
0.360887050,0.00858341,-0.0764099,-0.0939042,0.028236,-0.0744576,-0.00796131,0.0475534,-0.441786,-0.578311,0.170272,-0.447922,-0.101243,
0.380901098,0.00948836,-0.0843597,-0.103743,0.031148,-0.0821996,-0.00894637,0.0475534,-0.441786,-0.578311,0.170272,-0.447922,-0.101243,
0.400889158,0.0104264,-0.092574,-0.113921,0.0341525,-0.090198,-0.00999516,0.0598253,-0.533825,-0.679553,0.191748,-0.503146,-0.130388,
0.420915126,0.0114138,-0.101199,-0.124622,0.0373019,-0.0985957,-0.0111247,0.0598253,-0.533825,-0.679553,0.191748,-0.503146,-0.130388,
0.440917015,0.012421,-0.10998,-0.135529,0.0405023,-0.107144,-0.0123056,0.0598253,-0.533825,-0.679553,0.191748,-0.503146,-0.130388,
0.460904121,0.0134773,-0.119169,-0.146961,0.0438464,-0.116089,-0.0135786,0.0690291,-0.63967,-0.793068,0.202485,-0.575243,-0.167204,
0.490895032,0.0151018,-0.133247,-0.164501,0.0489595,-0.129792,-0.0155911,0.0690291,-0.63967,-0.793068,0.202485,-0.575243,-0.167204,
0.500893115,0.0156634,-0.1381,-0.170556,0.0507184,-0.134515,-0.0163067,0.0720971,-0.733243,-0.898913,0.219359,-0.604388,-0.200951,
0.540930986,0.0179799,-0.15805,-0.195493,0.0579341,-0.153928,-0.0193428,0.0720971,-0.733243,-0.898913,0.219359,-0.604388,-0.200951,
0.560906171,0.0191881,-0.168411,-0.208476,0.0616702,-0.164008,-0.02099,0.0736311,-0.751651,-0.938796,0.216291,-0.648874,-0.250039,
0.580893039,0.0204137,-0.178895,-0.221629,0.065444,-0.174206,-0.0226976,0.0736311,-0.751651,-0.938796,0.216291,-0.648874,-0.250039,
0.620893001,0.0229431,-0.20042,-0.248704,0.0731649,-0.19514,-0.0263629,0.076699,-0.713301,-0.97868,0.216291,-0.707165,-0.30066,
0.640912055,0.0242357,-0.211364,-0.262505,0.077078,-0.205781,-0.0283054,0.076699,-0.713301,-0.97868,0.216291,-0.707165,-0.30066,
0.660906076,0.0255677,-0.222605,-0.276707,0.0810871,-0.216709,-0.0303625,0.082835,-0.699495,-0.98635,0.211689,-0.668816,-0.357418,
0.690888166,0.0275789,-0.239506,-0.298106,0.0870976,-0.233136,-0.0335601,0.082835,-0.699495,-0.98635,0.211689,-0.668816,-0.357418,
0.700889110,0.0282639,-0.245238,-0.305379,0.0891301,-0.238706,-0.0346809,0.0920388,-0.685689,-0.97868,0.19635,-0.644272,-0.421845,
0.720911979,0.029656,-0.256858,-0.320144,0.0932438,-0.249998,-0.0369962,0.0920388,-0.685689,-0.97868,0.19635,-0.644272,-0.421845,
0.740914106,0.0310454,-0.268413,-0.334855,0.0973224,-0.261224,-0.0393655,0.0920388,-0.685689,-0.97868,0.19635,-0.644272,-0.421845,
0.760905027,0.0324704,-0.280211,-0.34991,0.101474,-0.272683,-0.0418652,0.101243,-0.65501,-0.961806,0.153398,-0.60132,-0.490874,
0.780899047,0.0339009,-0.292013,-0.364998,0.105616,-0.284145,-0.0444319,0.101243,-0.65501,-0.961806,0.153398,-0.60132,-0.490874,
0.810904026,0.0360711,-0.309813,-0.387829,0.111837,-0.301427,-0.0484676,0.105845,-0.599786,-0.92499,0.115049,-0.541495,-0.558369,
0.820921182,0.0368018,-0.315782,-0.395502,0.113918,-0.307222,-0.0498581,0.105845,-0.599786,-0.92499,0.115049,-0.541495,-0.558369,
0.830918073,0.0375357,-0.321763,-0.403198,0.115998,-0.313026,-0.0512725,0.105845,-0.599786,-0.92499,0.115049,-0.541495,-0.558369,
0.860901117,0.0397475,-0.339691,-0.426335,0.12221,-0.330422,-0.0556657,0.105845,-0.575243,-0.877437,0.0644272,-0.475534,-0.62433,
0.880896091,0.0412362,-0.351689,-0.441866,0.12635,-0.342061,-0.0587119,0.105845,-0.575243,-0.877437,0.0644272,-0.475534,-0.62433,
0.900890111,0.0427203,-0.363579,-0.457306,0.130434,-0.353593,-0.0618425,0.102777,-0.561437,-0.825282,0.0368155,-0.587515,-0.67035,
0.920925140,0.0442349,-0.375656,-0.473032,0.134567,-0.365302,-0.0651189,0.102777,-0.561437,-0.825282,0.0368155,-0.587515,-0.67035,
0.940903186,0.0457315,-0.387517,-0.488524,0.138608,-0.376801,-0.0684446,0.102777,-0.561437,-0.825282,0.0368155,-0.587515,-0.67035,
0.960884094,0.0472527,-0.3995,-0.504228,0.14267,-0.388412,-0.0719289,0.0935728,-0.544563,-0.719437,0.0076699,-0.587515,-0.710233,
0.980914115,0.0487725,-0.411405,-0.519877,0.146689,-0.399946,-0.0754944,0.0935728,-0.544563,-0.719437,0.0076699,-0.587515,-0.710233,
1.000890970,0.0502771,-0.423105,-0.535317,0.150616,-0.411276,-0.0791382,0.0751651,-0.474,-0.595185,-0.0076699,-0.954136,-0.83602,
1.020925045,0.0518081,-0.43494,-0.550989,0.154568,-0.422734,-0.0829463,0.0751651,-0.474,-0.595185,-0.0076699,-0.954136,-0.83602,
1.060922145,0.0548434,-0.458139,-0.581895,0.162245,-0.445182,-0.0908367,0.0751651,-0.474,-0.595185,-0.0076699,-0.954136,-0.83602,
1.080892086,0.0563575,-0.469589,-0.597239,0.166,-0.456255,-0.0949377,0.0751651,-0.474,-0.595185,-0.0076699,-0.954136,-0.83602,
1.100891113,0.0578557,-0.480817,-0.612363,0.169653,-0.467107,-0.0991348,0.0751651,-0.345146,-0.415709,-0.182544,-0.776194,-0.923456,
1.130907058,0.0601252,-0.49765,-0.635162,0.175084,-0.48337,-0.105718,0.0751651,-0.345146,-0.415709,-0.182544,-0.776194,-0.923456,
1.140900135,0.0608617,-0.50306,-0.642531,0.176814,-0.488595,-0.107924,0.0751651,-0.345146,-0.415709,-0.182544,-0.776194,-0.923456,
1.160887002,0.0623625,-0.513998,-0.657491,0.180289,-0.499152,-0.112531,0.0613592,-0.191748,-0.296058,-0.216291,-0.633534,-0.946466,
1.180886983,0.0638491,-0.524736,-0.672251,0.183673,-0.509513,-0.11722,0.0613592,-0.191748,-0.296058,-0.216291,-0.633534,-0.946466,
1.220921993,0.0667861,-0.545595,-0.701203,0.190141,-0.529619,-0.126971,0.0582913,0.0184078,-0.227029,-0.237767,-0.475534,-0.967942,
1.240917205,0.0682276,-0.555658,-0.715306,0.19321,-0.539309,-0.131989,0.0582913,0.0184078,-0.227029,-0.237767,-0.475534,-0.967942,
1.260885000,0.0696719,-0.565598,-0.729351,0.1962,-0.548875,-0.137202,0.0613592,0.115049,-0.197884,-0.239301,-0.395767,-0.975612,
1.300899982,0.0724953,-0.584646,-0.756578,0.201812,-0.567184,-0.147905,0.0582913,0.214757,-0.156466,-0.253107,-0.286854,-0.990952,
1.340914011,0.0752616,-0.602739,-0.782909,0.206966,-0.584541,-0.159152,0.0582913,0.214757,-0.156466,-0.253107,-0.286854,-0.990952,
1.360898971,0.0766227,-0.61139,-0.795714,0.20935,-0.592828,-0.165015,0.0475534,0.273049,-0.107379,-0.273049,-0.16567,-1.00476,
1.380887031,0.077959,-0.619742,-0.808199,0.211606,-0.600819,-0.170962,0.0475534,0.273049,-0.107379,-0.273049,-0.16567,-1.00476,
1.400888204,0.0792599,-0.62768,-0.82024,0.213686,-0.608403,-0.177009,0.0429515,0.319068,-0.0720971,-0.283786,-0.0475534,-1.0155,
1.420914173,0.0805599,-0.635446,-0.832175,0.215663,-0.615812,-0.183278,0.0429515,0.319068,-0.0720971,-0.283786,-0.0475534,-1.0155,
1.460901975,0.083065,-0.649821,-0.854812,0.219116,-0.62949,-0.196131,0.0444854,0.374291,-0.0352816,-0.289922,0.0628932,-1.02163,
1.490902185,0.0848711,-0.659669,-0.87082,0.221295,-0.638827,-0.206082,0.0444854,0.374291,-0.0352816,-0.289922,0.0628932,-1.02163,
1.500899076,0.0854601,-0.662755,-0.875965,0.22193,-0.641746,-0.209492,0.0444854,0.427981,-0.0107379,-0.299126,0.176408,-1.03084,
1.520927190,0.0866286,-0.66873,-0.886087,0.223099,-0.647384,-0.216461,0.0444854,0.427981,-0.0107379,-0.299126,0.176408,-1.03084,
1.540943145,0.0877526,-0.674238,-0.895675,0.224081,-0.652564,-0.223475,0.0444854,0.427981,-0.0107379,-0.299126,0.176408,-1.03084,
1.570904016,0.0893924,-0.681779,-0.909369,0.225213,-0.659619,-0.234372,0.0521553,0.431049,0.0153398,-0.306796,0.274583,-1.04157,
1.580897092,0.0899239,-0.6841,-0.913733,0.225506,-0.661781,-0.238066,0.0521553,0.431049,0.0153398,-0.306796,0.274583,-1.04157,
1.600900173,0.0909473,-0.68832,-0.921986,0.225919,-0.66569,-0.245513,0.0506214,0.424913,0.0276117,-0.314466,0.358952,-1.05078,
1.620925188,0.0919539,-0.692193,-0.92994,0.226155,-0.669252,-0.253215,0.0506214,0.424913,0.0276117,-0.314466,0.358952,-1.05078,
1.650904178,0.0933781,-0.697058,-0.940814,0.226123,-0.673668,-0.264905,0.0475534,0.417243,0.0276117,-0.325204,0.429515,-1.06151,
1.660912036,0.0938421,-0.698468,-0.944255,0.226006,-0.674929,-0.268955,0.0475534,0.417243,0.0276117,-0.325204,0.429515,-1.06151,
1.670906066,0.0942919,-0.699761,-0.947546,0.225847,-0.676076,-0.272978,0.0475534,0.417243,0.0276117,-0.325204,0.429515,-1.06151,
1.700888156,0.0955742,-0.70284,-0.956557,0.225031,-0.67873,-0.285237,0.0383495,0.411107,0.0291456,-0.33901,0.449456,-1.06918,
1.720947980,0.0963918,-0.704304,-0.962003,0.224209,-0.679915,-0.29372,0.0383495,0.411107,0.0291456,-0.33901,0.449456,-1.06918,
1.740898132,0.0971534,-0.705237,-0.96682,0.223182,-0.680581,-0.302201,0.0383495,0.411107,0.0291456,-0.33901,0.449456,-1.06918,
1.770892143,0.0982283,-0.70562,-0.973051,0.22117,-0.680572,-0.315401,0.0352816,0.421845,0.0383495,-0.340544,0.461728,-1.07532,
1.780886173,0.0985661,-0.705502,-0.974864,0.220394,-0.680328,-0.319862,0.0352816,0.421845,0.0383495,-0.340544,0.461728,-1.07532,
1.800888061,0.0991954,-0.704781,-0.977942,0.218646,-0.679362,-0.328842,0.0337476,0.432583,0.0429515,-0.349748,0.472466,-1.07992,
1.820930004,0.0997916,-0.70352,-0.980511,0.21664,-0.677861,-0.338121,0.0337476,0.432583,0.0429515,-0.349748,0.472466,-1.07992,
1.830891132,0.10007,-0.702699,-0.981574,0.215562,-0.676923,-0.342769,0.0337476,0.432583,0.0429515,-0.349748,0.472466,-1.07992,
1.860891103,0.100826,-0.699238,-0.98371,0.211896,-0.673128,-0.357002,0.0322136,0.435651,0.0552233,-0.35435,0.483204,-1.08452,
1.870899200,0.101056,-0.697818,-0.984142,0.210557,-0.671599,-0.361829,0.0322136,0.435651,0.0552233,-0.35435,0.483204,-1.08452,
1.900901079,0.101663,-0.6926,-0.984389,0.206139,-0.666073,-0.376497,0.0322136,0.444854,0.0690291,-0.357418,0.492408,-1.08913,
1.910892009,0.101842,-0.69051,-0.98413,0.204504,-0.663884,-0.381553,0.0322136,0.444854,0.0690291,-0.357418,0.492408,-1.08913,
1.940889120,0.102296,-0.683456,-0.982422,0.199294,-0.656549,-0.396721,0.0322136,0.444854,0.0690291,-0.357418,0.492408,-1.08913,
1.960880041,0.102528,-0.677854,-0.980347,0.195426,-0.650771,-0.407125,0.0352816,0.457126,0.0889709,-0.35435,0.49701,-1.09066,
1.980894088,0.102711,-0.671575,-0.977593,0.191251,-0.644324,-0.417806,0.0352816,0.457126,0.0889709,-0.35435,0.49701,-1.09066,
2.000920057,0.10283,-0.664748,-0.974147,0.18688,-0.637343,-0.428391,0.0429515,0.467864,0.0889709,-0.355884,0.501612,-1.09219,
2.020910024,0.102895,-0.657149,-0.969935,0.182156,-0.629599,-0.439309,0.0429515,0.467864,0.0889709,-0.355884,0.501612,-1.09219,
2.050897121,0.10288,-0.644482,-0.962229,0.174536,-0.616735,-0.455947,0.0429515,0.48167,0.0905049,-0.357418,0.501612,-1.09219,
2.060881137,0.102845,-0.639914,-0.959285,0.17185,-0.612106,-0.461571,0.0429515,0.48167,0.0905049,-0.357418,0.501612,-1.09219,
2.080877065,0.102725,-0.630032,-0.952668,0.166133,-0.602111,-0.473166,0.0429515,0.48167,0.0905049,-0.357418,0.501612,-1.09219,
2.100880146,0.10255,-0.619725,-0.945489,0.160273,-0.591704,-0.484629,0.0429515,0.501612,0.0997088,-0.357418,0.510816,-1.09066,
2.120930194,0.102304,-0.608484,-0.937349,0.153997,-0.580373,-0.496422,0.0429515,0.501612,0.0997088,-0.357418,0.510816,-1.09066,
2.140880107,0.101996,-0.596476,-0.928407,0.147386,-0.568287,-0.508454,0.0429515,0.501612,0.0997088,-0.357418,0.510816,-1.09066,
2.160881042,0.101623,-0.583794,-0.918692,0.140505,-0.555541,-0.520541,0.0398835,0.513884,0.107379,-0.357418,0.526155,-1.09066,
2.180875062,0.101179,-0.570206,-0.908037,0.133225,-0.541899,-0.532933,0.0398835,0.513884,0.107379,-0.357418,0.526155,-1.09066,
2.220925092,0.10009,-0.540764,-0.88424,0.117715,-0.512389,-0.55816,0.0398835,0.518486,0.110447,-0.357418,0.529223,-1.09066,
2.240904092,0.0994391,-0.524779,-0.870985,0.10942,-0.496389,-0.571089,0.0398835,0.518486,0.110447,-0.357418,0.529223,-1.09066,
2.260886192,0.0987176,-0.508006,-0.856862,0.100796,-0.479614,-0.584167,0.0429515,0.515418,0.108913,-0.357418,0.527689,-1.09219,
2.280881166,0.0979213,-0.490358,-0.841798,0.0917977,-0.461978,-0.597461,0.0429515,0.515418,0.108913,-0.357418,0.527689,-1.09219,
2.300899028,0.0970504,-0.471839,-0.825792,0.0824298,-0.443485,-0.610957,0.0429515,0.507748,0.105845,-0.357418,0.526155,-1.09066,
2.320928096,0.0961024,-0.452417,-0.808811,0.0726781,-0.424103,-0.624668,0.0429515,0.507748,0.105845,-0.357418,0.526155,-1.09066,
2.340883016,0.0950838,-0.432224,-0.790969,0.0626078,-0.403962,-0.6385,0.0429515,0.507748,0.105845,-0.357418,0.526155,-1.09066,
2.370877027,0.0933882,-0.399876,-0.762039,0.0466086,-0.371725,-0.659855,0.0414175,0.49701,0.0981748,-0.357418,0.521553,-1.09219,
2.380882024,0.0927981,-0.388898,-0.752138,0.0412097,-0.36079,-0.666911,0.0414175,0.49701,0.0981748,-0.357418,0.521553,-1.09219,
2.400885105,0.0915465,-0.366042,-0.731394,0.0300182,-0.33803,-0.681306,0.0383495,0.487806,0.0905049,-0.362019,0.513884,-1.09219,
2.420920133,0.0901906,-0.341882,-0.70929,0.0182546,-0.313985,-0.696121,0.0383495,0.487806,0.0905049,-0.362019,0.513884,-1.09219,
2.440882205,0.0887843,-0.317307,-0.686651,0.00634681,-0.289538,-0.710835,0.0383495,0.487806,0.0905049,-0.362019,0.513884,-1.09219,
2.460882186,0.0872604,-0.291204,-0.662429,-0.00623727,-0.26358,-0.726069,0.0322136,0.48167,0.0874369,-0.363553,0.510816,-1.09219,
2.480876207,0.0856851,-0.264677,-0.637672,-0.0189712,-0.237211,-0.74122,0.0322136,0.48167,0.0874369,-0.363553,0.510816,-1.09219,
2.500881195,0.0839944,-0.236714,-0.611406,-0.0323323,-0.209426,-0.756807,0.0322136,0.48167,0.0874369,-0.363553,0.510816,-1.09219,
2.540911197,0.0803776,-0.178202,-0.556002,-0.0601236,-0.151316,-0.78841,0.0322136,0.48167,0.0874369,-0.363553,0.510816,-1.09219,
2.580876111,0.0763993,-0.115573,-0.496103,-0.0896475,-0.0891567,-0.820878,0.0322136,0.48167,0.0874369,-0.362019,0.510816,-1.09219,
2.610886096,0.0731779,-0.065906,-0.448227,-0.112921,-0.039886,-0.84577,0.0337476,0.484738,0.0905049,-0.358952,0.51235,-1.09219,
2.620927095,0.0720708,-0.0490212,-0.431886,-0.120809,-0.0231408,-0.854081,0.0337476,0.484738,0.0905049,-0.358952,0.51235,-1.09219,
2.650882005,0.0685012,0.0048303,-0.37955,-0.145885,0.0302524,-0.880099,0.0337476,0.48934,0.0935728,-0.357418,0.51235,-1.09219,
2.660886049,0.0673334,0.0222625,-0.362539,-0.153976,0.0475314,-0.888362,0.0337476,0.48934,0.0935728,-0.357418,0.51235,-1.09219,
2.680894136,0.0647325,0.0608365,-0.324809,-0.171847,0.0857608,-0.906445,0.0337476,0.48934,0.0935728,-0.357418,0.51235,-1.09219,
2.700877189,0.062186,0.0982712,-0.288062,-0.189141,0.122853,-0.923694,0.0352816,0.501612,0.0997088,-0.357418,0.513884,-1.09219,
2.740887165,0.0575708,0.165967,-0.221556,-0.220395,0.189924,-0.954764,0.0352816,0.501612,0.0997088,-0.357418,0.513884,-1.09219,
2.760869979,0.0555752,0.195242,-0.192796,-0.233912,0.21893,-0.9682,0.0398835,0.506214,0.0997088,-0.357418,0.513884,-1.09219,
2.780873060,0.0537677,0.221752,-0.166752,-0.246151,0.245195,-0.980367,0.0398835,0.506214,0.0997088,-0.357418,0.513884,-1.09219,
2.800884008,0.0521373,0.245664,-0.14326,-0.257191,0.268888,-0.991342,0.0414175,0.50468,0.0997088,-0.357418,0.515418,-1.09066,
2.820927143,0.0506508,0.267467,-0.121841,-0.267257,0.290489,-1.00135,0.0414175,0.50468,0.0997088,-0.357418,0.515418,-1.09066,
2.840908050,0.0493144,0.287065,-0.102588,-0.276305,0.309907,-1.01034,0.0414175,0.50468,0.0997088,-0.357418,0.515418,-1.09066,
2.860890150,0.0481056,0.304797,-0.0851665,-0.284492,0.327475,-1.01848,0.0414175,0.503146,0.0997088,-0.357418,0.513884,-1.09219,
2.900888204,0.0460203,0.335384,-0.0551188,-0.298613,0.357779,-1.03252,0.0398835,0.500078,0.0981748,-0.357418,0.513884,-1.09219,
2.930915117,0.0447169,0.354501,-0.0363372,-0.307439,0.37672,-1.04129,0.0398835,0.500078,0.0981748,-0.357418,0.513884,-1.09219,
2.940907001,0.0443014,0.360596,-0.0303486,-0.310253,0.38276,-1.04409,0.0398835,0.500078,0.0981748,-0.357418,0.513884,-1.09219,
2.980878114,0.0429146,0.380934,-0.0103692,-0.319643,0.40291,-1.05343,0.0368155,0.495476,0.0966408,-0.357418,0.51235,-1.09219,
3.020930051,0.041772,0.39769,0.00609219,-0.327378,0.419511,-1.06112,0.0337476,0.493942,0.0951068,-0.358952,0.51235,-1.09066,
3.060913085,0.0408299,0.411509,0.0196694,-0.333759,0.433204,-1.06746,0.0337476,0.492408,0.0951068,-0.363553,0.51235,-1.09219,
3.080901145,0.0404254,0.417445,0.0254998,-0.3365,0.439084,-1.07018,0.0337476,0.492408,0.0951068,-0.363553,0.51235,-1.09219,
3.100933074,0.0400668,0.422698,0.0306616,-0.338925,0.44429,-1.07259,0.0322136,0.493942,0.0951068,-0.357418,0.51235,-1.09219,
3.140912055,0.0394316,0.432023,0.0398217,-0.343229,0.453528,-1.07687,0.0322136,0.493942,0.0951068,-0.357418,0.51235,-1.09219,
3.180909156,0.0389165,0.439577,0.0472433,-0.346718,0.461012,-1.08034,0.0337476,0.49701,0.0966408,-0.357418,0.513884,-1.09219,
3.220931053,0.0384911,0.445815,0.0533713,-0.349598,0.467193,-1.0832,0.0352816,0.501612,0.0981748,-0.357418,0.513884,-1.09219,
3.260883092,0.038146,0.450881,0.0583487,-0.351936,0.472213,-1.08553,0.0398835,0.503146,0.0997088,-0.357418,0.513884,-1.09066,
3.280907154,0.0379933,0.45312,0.0605488,-0.35297,0.47443,-1.08656,0.0398835,0.503146,0.0997088,-0.357418,0.513884,-1.09066,
3.300894021,0.0378616,0.455045,0.0624392,-0.353858,0.476337,-1.08744,0.0414175,0.503146,0.0997088,-0.357418,0.513884,-1.09219,
3.320931196,0.0377414,0.456813,0.0641766,-0.354675,0.47809,-1.08825,0.0414175,0.503146,0.0997088,-0.357418,0.513884,-1.09219,
3.340883970,0.0376197,0.458599,0.0659307,-0.3555,0.479859,-1.08907,0.0414175,0.503146,0.0997088,-0.357418,0.513884,-1.09219,
3.360880136,0.0375253,0.459975,0.067283,-0.356135,0.481222,-1.0897,0.0414175,0.501612,0.0981748,-0.357418,0.513884,-1.09066,
3.380897998,0.0374386,0.461257,0.0685415,-0.356727,0.482492,-1.09029,0.0414175,0.501612,0.0981748,-0.357418,0.513884,-1.09066,
3.400888204,0.0373581,0.46244,0.0697039,-0.357273,0.483665,-1.09083,0.0398835,0.500078,0.0981748,-0.357418,0.513884,-1.09219,
3.420917034,0.0372777,0.463616,0.0708595,-0.357816,0.48483,-1.09137,0.0398835,0.500078,0.0981748,-0.357418,0.513884,-1.09219,
3.460887193,0.0371473,0.465533,0.0727433,-0.358702,0.486729,-1.09225,0.0383495,0.49701,0.0966408,-0.357418,0.513884,-1.09219,
3.490902185,0.0370672,0.466709,0.0738989,-0.359244,0.487894,-1.09279,0.0383495,0.49701,0.0966408,-0.357418,0.513884,-1.09219,
3.500959157,0.0370416,0.467082,0.0742649,-0.359416,0.488263,-1.09296,0.0337476,0.495476,0.0966408,-0.357418,0.513884,-1.09219,
3.520931005,0.0369954,0.467754,0.074925,-0.359726,0.488929,-1.09327,0.0337476,0.495476,0.0966408,-0.357418,0.513884,-1.09219,
3.540930986,0.0369542,0.468357,0.0755172,-0.360004,0.489526,-1.09355,0.0337476,0.495476,0.0966408,-0.357418,0.513884,-1.09219,
3.560877084,0.0369171,0.468906,0.0760573,-0.360258,0.490072,-1.0938,0.0337476,0.49701,0.0966408,-0.358952,0.51235,-1.09219,
3.580881118,0.0368835,0.469402,0.0765441,-0.360487,0.490563,-1.09403,0.0337476,0.49701,0.0966408,-0.358952,0.51235,-1.09219,
3.600900173,0.0368526,0.469853,0.0769864,-0.360696,0.491009,-1.09424,0.0337476,0.49701,0.0966408,-0.357418,0.513884,-1.09219,
3.620934009,0.0368231,0.470282,0.0774085,-0.360894,0.491435,-1.09443,0.0337476,0.49701,0.0966408,-0.357418,0.513884,-1.09219,
3.650889158,0.0367852,0.470838,0.0779552,-0.36115,0.491985,-1.09469,0.0337476,0.498544,0.0966408,-0.357418,0.513884,-1.09219,
3.660887002,0.0367756,0.470985,0.0780985,-0.361218,0.49213,-1.09476,0.0337476,0.498544,0.0966408,-0.357418,0.513884,-1.09219,
3.680880069,0.0367549,0.471282,0.0783908,-0.361355,0.492425,-1.09489,0.0337476,0.498544,0.0966408,-0.357418,0.513884,-1.09219,
3.710975170,0.036744,0.471436,0.078543,-0.361427,0.492578,-1.09496,0.0368155,0.500078,0.0981748,-0.357418,0.513884,-1.09219,
3.741023063,0.036744,0.471436,0.078543,-0.361427,0.492578,-1.09496,0.0368155,0.500078,0.0981748,-0.357418,0.513884,-1.09219,
3.751012086,0.036744,0.471436,0.078543,-0.361427,0.492578,-1.09496,0.0398835,0.501612,0.0981748,-0.357418,0.513884,-1.09219,
3.760964155,0.036744,0.471436,0.078543,-0.361427,0.492578,-1.09496,0.0398835,0.501612,0.0981748,-0.357418,0.513884,-1.09219,
3.771007061,0.036744,0.471436,0.078543,-0.361427,0.492578,-1.09496,0.0398835,0.501612,0.0981748,-0.357418,0.513884,-1.09219,
3.790980100,0.036744,0.471436,0.078543,-0.361427,0.492578,-1.09496,0.0398835,0.501612,0.0981748,-0.357418,0.513884,-1.09219,
3.810975074,0.036744,0.471436,0.078543,-0.361427,0.492578,-1.09496,0.0414175,0.500078,0.0981748,-0.357418,0.513884,-1.09219,
3.830965995,0.036744,0.471436,0.078543,-0.361427,0.492578,-1.09496,0.0414175,0.500078,0.0981748,-0.357418,0.513884,-1.09219,
3.850999116,0.036744,0.471436,0.078543,-0.361427,0.492578,-1.09496,0.0414175,0.500078,0.0981748,-0.357418,0.513884,-1.09219,
3.860995054,0.036744,0.471436,0.078543,-0.361427,0.492578,-1.09496,0.0414175,0.500078,0.0981748,-0.357418,0.513884,-1.09219,
3.890998125,0.036744,0.471436,0.078543,-0.361427,0.492578,-1.09496,0.0414175,0.500078,0.0981748,-0.357418,0.513884,-1.09219,
3.931076049,0.036744,0.471436,0.078543,-0.361427,0.492578,-1.09496,0.0398835,0.498544,0.0966408,-0.357418,0.513884,-1.09219,
3.970940113,0.036744,0.471436,0.078543,-0.361427,0.492578,-1.09496,0.0383495,0.498544,0.0981748,-0.357418,0.513884,-1.09219,
4.000965118,0.036744,0.471436,0.078543,-0.361427,0.492578,-1.09496,0.0368155,0.498544,0.0966408,-0.357418,0.513884,-1.09219,
4.010957002,0.036744,0.471436,0.078543,-0.361427,0.492578,-1.09496,0.0368155,0.498544,0.0966408,-0.357418,0.513884,-1.09219,
4.051012039,0.036744,0.471436,0.078543,-0.361427,0.492578,-1.09496,0.0352816,0.498544,0.0966408,-0.357418,0.513884,-1.09219,
4.070974111,0.036744,0.471436,0.078543,-0.361427,0.492578,-1.09496,0.0352816,0.498544,0.0966408,-0.357418,0.513884,-1.09219,
4.091019153,0.036744,0.471436,0.078543,-0.361427,0.492578,-1.09496,0.0352816,0.498544,0.0966408,-0.357418,0.513884,-1.09219,
4.130961179,0.036744,0.471436,0.078543,-0.361427,0.492578,-1.09496,0.0368155,0.498544,0.0981748,-0.357418,0.513884,-1.09219,
4.150989055,0.036744,0.471436,0.078543,-0.361427,0.492578,-1.09496,0.0383495,0.500078,0.0981748,-0.357418,0.513884,-1.09219,
4.170965194,0.036744,0.471436,0.078543,-0.361427,0.492578,-1.09496,0.0383495,0.500078,0.0981748,-0.357418,0.513884,-1.09219,
4.210978031,0.036744,0.471436,0.078543,-0.361427,0.492578,-1.09496,0.0398835,0.500078,0.0981748,-0.358952,0.513884,-1.09219,
4.230975151,0.036744,0.471436,0.078543,-0.361427,0.492578,-1.09496,0.0398835,0.500078,0.0981748,-0.358952,0.513884,-1.09219,
4.250979185,0.036744,0.471436,0.078543,-0.361427,0.492578,-1.09496,0.0398835,0.500078,0.0981748,-0.357418,0.513884,-1.09219,
4.270982027,0.036744,0.471436,0.078543,-0.361427,0.492578,-1.09496,0.0398835,0.500078,0.0981748,-0.357418,0.513884,-1.09219,
4.290963172,0.036744,0.471436,0.078543,-0.361427,0.492578,-1.09496,0.0398835,0.500078,0.0981748,-0.357418,0.513884,-1.09219,
4.330965995,0.036744,0.471436,0.078543,-0.361427,0.492578,-1.09496,0.0398835,0.500078,0.0981748,-0.357418,0.513884,-1.09219,
4.370974063,0.036744,0.471436,0.078543,-0.361427,0.492578,-1.09496,0.0383495,0.500078,0.0981748,-0.357418,0.513884,-1.09219,
4.410967111,0.036744,0.471436,0.078543,-0.361427,0.492578,-1.09496,0.0383495,0.498544,0.0981748,-0.357418,0.513884,-1.09219,
4.450983047,0.036744,0.471436,0.078543,-0.361427,0.492578,-1.09496,0.0368155,0.498544,0.0966408,-0.357418,0.513884,-1.09219,
4.471048116,0.036744,0.471436,0.078543,-0.361427,0.492578,-1.09496,0.0368155,0.498544,0.0966408,-0.357418,0.513884,-1.09219,
4.490998983,0.036744,0.471436,0.078543,-0.361427,0.492578,-1.09496,0.0368155,0.498544,0.0966408,-0.357418,0.513884,-1.09219,
4.530970096,0.036744,0.471436,0.078543,-0.361427,0.492578,-1.09496,0.0368155,0.498544,0.0966408,-0.357418,0.513884,-1.09219,
4.551002979,0.036744,0.471436,0.078543,-0.361427,0.492578,-1.09496,0.0383495,0.500078,0.0981748,-0.357418,0.513884,-1.09219,
4.570983171,0.036744,0.471436,0.078543,-0.361427,0.492578,-1.09496,0.0383495,0.500078,0.0981748,-0.357418,0.513884,-1.09219,
4.611025094,0.036744,0.471436,0.078543,-0.361427,0.492578,-1.09496,0.0398835,0.500078,0.0981748,-0.357418,0.513884,-1.09219,
4.650993108,0.036744,0.471436,0.078543,-0.361427,0.492578,-1.09496,0.0398835,0.500078,0.0981748,-0.357418,0.513884,-1.09219,
4.690987110,0.036744,0.471436,0.078543,-0.361427,0.492578,-1.09496,0.0398835,0.500078,0.0981748,-0.357418,0.513884,-1.09219,
4.700970172,0.036744,0.471436,0.078543,-0.361427,0.492578,-1.09496,0.0398835,0.500078,0.0981748,-0.357418,0.513884,-1.09219,
4.710880041,0.036744,0.471436,0.078543,-0.361427,0.492578,-1.09496,0.0398835,0.500078,0.0981748,-0.357418,0.513884,-1.09219,
0.000062942,0.0398835,0.500078,0.0981748,-0.357418,0.513884,-1.09219,0.0383495,0.506214,0.108913,-0.357418,0.526155,-1.09066,
0.001376867,0.0398835,0.500078,0.0981748,-0.357418,0.513884,-1.09219,0.0383495,0.506214,0.108913,-0.357418,0.526155,-1.09066,
0.021468877,0.0398834,0.500076,0.0981744,-0.357416,0.513882,-1.09219,0.0383495,0.506214,0.108913,-0.357418,0.526155,-1.09066,
0.031466007,0.0398831,0.500072,0.0981737,-0.357414,0.513878,-1.09218,0.0383495,0.506214,0.108913,-0.357418,0.526155,-1.09066,
0.051447868,0.0398816,0.500054,0.09817,-0.3574,0.513859,-1.09214,0.0383495,0.507748,0.108913,-0.357418,0.526155,-1.08606,
0.071435928,0.0398784,0.500014,0.0981622,-0.357372,0.513818,-1.09205,0.0383495,0.507748,0.108913,-0.357418,0.526155,-1.08606,
0.091435909,0.0398729,0.499945,0.0981487,-0.357323,0.513747,-1.0919,0.0383495,0.507748,0.108913,-0.357418,0.526155,-1.08606,
0.111433982,0.0398646,0.49984,0.0981281,-0.357248,0.513639,-1.09168,0.0383495,0.507748,0.108913,-0.352816,0.526155,-1.07225,
0.131455898,0.0398527,0.499692,0.098099,-0.357142,0.513487,-1.09135,0.0383495,0.507748,0.108913,-0.352816,0.526155,-1.07225,
0.151449918,0.0398369,0.499494,0.0980601,-0.357,0.513283,-1.09092,0.0383495,0.507748,0.108913,-0.34668,0.527689,-1.05384,
0.191414833,0.0397914,0.498922,0.097948,-0.356592,0.512696,-1.08967,0.0383495,0.507748,0.108913,-0.34668,0.527689,-1.05384,
0.231434822,0.039724,0.498078,0.0977822,-0.355988,0.511829,-1.08783,0.0398835,0.507748,0.110447,-0.337476,0.523087,-1.0293,
0.251422882,0.0396811,0.497541,0.0976767,-0.355604,0.511276,-1.08665,0.0398835,0.506214,0.108913,-0.326738,0.509282,-0.995554,
0.271418809,0.0396316,0.496919,0.0975547,-0.35516,0.510638,-1.0853,0.0398835,0.506214,0.108913,-0.326738,0.509282,-0.995554,
0.291427850,0.039575,0.496209,0.0974153,-0.354653,0.509908,-1.08375,0.0398835,0.506214,0.108913,-0.326738,0.509282,-0.995554,
0.311416864,0.039511,0.495408,0.0972579,-0.35408,0.509084,-1.08199,0.0383495,0.500078,0.108913,-0.314466,0.487806,-0.95567,
0.331441879,0.0394393,0.494508,0.0970813,-0.353436,0.50816,-1.08003,0.0383495,0.500078,0.108913,-0.314466,0.487806,-0.95567,
0.351432800,0.0393596,0.493509,0.0968852,-0.352723,0.507133,-1.07785,0.0368155,0.483204,0.108913,-0.299126,0.470932,-0.909651,
0.381424903,0.0392245,0.491815,0.0965526,-0.351512,0.505393,-1.07415,0.0368155,0.483204,0.108913,-0.299126,0.470932,-0.909651,
0.391431808,0.0391751,0.491196,0.0964311,-0.35107,0.504757,-1.0728,0.0368155,0.483204,0.108913,-0.299126,0.470932,-0.909651,
0.411425828,0.0390699,0.489877,0.0961721,-0.350127,0.503401,-1.06991,0.0368155,0.470932,0.108913,-0.280718,0.447922,-0.860563,
0.431437969,0.0389556,0.488443,0.0958907,-0.349102,0.501928,-1.06678,0.0368155,0.470932,0.108913,-0.280718,0.447922,-0.860563,
0.451430797,0.0388322,0.486896,0.095587,-0.347996,0.500338,-1.0634,0.0368155,0.446388,0.108913,-0.263845,0.420311,-0.80534,
0.471433877,0.0386994,0.485231,0.0952601,-0.346806,0.498627,-1.05977,0.0368155,0.446388,0.108913,-0.263845,0.420311,-0.80534,
0.491426944,0.0385572,0.483447,0.0949099,-0.345531,0.496794,-1.05587,0.0368155,0.446388,0.108913,-0.263845,0.420311,-0.80534,
0.511421918,0.0384053,0.481543,0.094536,-0.34417,0.494837,-1.05171,0.0368155,0.421845,0.104311,-0.243903,0.391165,-0.743981,
0.531445026,0.0382434,0.479513,0.0941376,-0.34272,0.492751,-1.04728,0.0368155,0.421845,0.104311,-0.243903,0.391165,-0.743981,
0.551424980,0.038072,0.477364,0.0937157,-0.341184,0.490543,-1.04259,0.0352816,0.389631,0.0997088,-0.222427,0.358952,-0.67802,
0.581432819,0.0377959,0.473903,0.0930361,-0.33871,0.486986,-1.03503,0.0352816,0.389631,0.0997088,-0.222427,0.358952,-0.67802,
0.591434955,0.0376989,0.472686,0.0927973,-0.33784,0.485736,-1.03237,0.0352816,0.389631,0.0997088,-0.222427,0.358952,-0.67802,
0.611434936,0.0374973,0.470159,0.0923012,-0.336034,0.483139,-1.02685,0.0322136,0.35435,0.0920388,-0.199418,0.325204,-0.612058,
0.631449937,0.0372855,0.467503,0.0917798,-0.334136,0.48041,-1.02105,0.0322136,0.35435,0.0920388,-0.199418,0.325204,-0.612058,
0.651430845,0.037064,0.464726,0.0912345,-0.332151,0.477555,-1.01498,0.0291456,0.312932,0.081301,-0.179476,0.288388,-0.544563,
0.671425819,0.0368322,0.46182,0.090664,-0.330073,0.474569,-1.00864,0.0291456,0.312932,0.081301,-0.179476,0.288388,-0.544563,
0.691420793,0.0365904,0.458787,0.0900686,-0.327906,0.471453,-1.00201,0.0291456,0.312932,0.081301,-0.179476,0.288388,-0.544563,
0.711423873,0.0363384,0.455628,0.0894484,-0.325648,0.468206,-0.995113,0.0276117,0.276117,0.0705631,-0.156466,0.253107,-0.477068,
0.721437931,0.0362085,0.453999,0.0891286,-0.324484,0.466533,-0.991556,0.0276117,0.276117,0.0705631,-0.156466,0.253107,-0.477068,
0.751426935,0.0358045,0.448934,0.0881343,-0.320864,0.461328,-0.980494,0.0245437,0.234699,0.0613592,-0.13499,0.217825,-0.411107,
0.771420955,0.0355229,0.445403,0.087441,-0.31834,0.457699,-0.972781,0.0245437,0.234699,0.0613592,-0.13499,0.217825,-0.411107,
0.791414976,0.0352315,0.441749,0.0867237,-0.315729,0.453944,-0.964801,0.0245437,0.234699,0.0613592,-0.13499,0.217825,-0.411107,
0.801428794,0.0350819,0.439873,0.0863555,-0.314388,0.452017,-0.960705,0.0214757,0.197884,0.0521553,-0.113515,0.182544,-0.345146,
0.831432819,0.0346194,0.434074,0.085217,-0.310243,0.446058,-0.948039,0.0214757,0.197884,0.0521553,-0.113515,0.182544,-0.345146,
0.851421833,0.0342995,0.430063,0.0844295,-0.307376,0.441936,-0.939278,0.0184078,0.164136,0.0414175,-0.0935728,0.148796,-0.283786,
0.871423006,0.0339701,0.425933,0.0836187,-0.304424,0.437692,-0.930258,0.0184078,0.164136,0.0414175,-0.0935728,0.148796,-0.283786,
0.891419887,0.0336317,0.42169,0.0827857,-0.301392,0.433331,-0.920991,0.0184078,0.164136,0.0414175,-0.0935728,0.148796,-0.283786,
0.911422014,0.0332842,0.417333,0.0819304,-0.298278,0.428855,-0.911476,0.0153398,0.131922,0.0337476,-0.078233,0.119651,-0.228563,
0.931460857,0.0329274,0.412858,0.081052,-0.29508,0.424256,-0.901703,0.0153398,0.131922,0.0337476,-0.078233,0.119651,-0.228563,
0.951423883,0.0325633,0.408293,0.0801558,-0.291817,0.419565,-0.891733,0.0122718,0.102777,0.0260777,-0.0598253,0.0920388,-0.176408,
0.971421957,0.0321902,0.403615,0.0792374,-0.288474,0.414758,-0.881516,0.0122718,0.102777,0.0260777,-0.0598253,0.0920388,-0.176408,
0.991446018,0.0318084,0.398829,0.0782976,-0.285052,0.409839,-0.871061,0.0122718,0.102777,0.0260777,-0.0598253,0.0920388,-0.176408,
1.011422872,0.0314196,0.393954,0.0773406,-0.281568,0.40483,-0.860414,0.0107379,0.078233,0.0199418,-0.0444854,0.0690291,-0.133456,
1.031442880,0.0310222,0.388971,0.0763625,-0.278007,0.39971,-0.849532,0.0107379,0.078233,0.0199418,-0.0444854,0.0690291,-0.133456,
1.041438817,0.030821,0.386448,0.0758671,-0.276204,0.397117,-0.844022,0.0107379,0.078233,0.0199418,-0.0444854,0.0690291,-0.133456,
1.071415901,0.0302067,0.378745,0.0743549,-0.270698,0.389201,-0.827198,0.00920388,0.0567573,0.0153398,-0.0337476,0.0521553,-0.0966408,
1.111414909,0.0293627,0.368163,0.0722774,-0.263135,0.378327,-0.804086,0.0076699,0.0414175,0.0138058,-0.0230097,0.0352816,-0.0659612,
1.131443023,0.0289303,0.362741,0.0712129,-0.25926,0.372755,-0.792244,0.0076699,0.0414175,0.0138058,-0.0230097,0.0352816,-0.0659612,
1.151423931,0.0284927,0.357255,0.0701359,-0.255338,0.367117,-0.780262,0.00613592,0.0260777,0.00613592,-0.0168738,0.0230097,-0.0429515,
1.171424865,0.0280488,0.351689,0.0690433,-0.251361,0.361398,-0.768106,0.00613592,0.0260777,0.00613592,-0.0168738,0.0230097,-0.0429515,
1.191419839,0.0275995,0.346055,0.0679372,-0.247334,0.355609,-0.755802,0.00613592,0.0260777,0.00613592,-0.0168738,0.0230097,-0.0429515,
1.211421966,0.0271447,0.340353,0.0668178,-0.243258,0.349749,-0.743348,0.00460194,0.0153398,-0.00613592,-0.0107379,0.00613592,-0.0245437,
1.231431007,0.0266848,0.334586,0.0656856,-0.239137,0.343823,-0.730753,0.00460194,0.0153398,-0.00613592,-0.0107379,0.00613592,-0.0245437,
1.251427888,0.0262205,0.328764,0.0645427,-0.234976,0.337841,-0.718038,0.00460194,0.0076699,-0.00460194,-0.00613592,0.00613592,-0.0138058,
1.271425962,0.0257518,0.322888,0.063389,-0.230775,0.331802,-0.705202,0.00460194,0.0076699,-0.00460194,-0.00613592,0.00613592,-0.0138058,
1.301419973,0.0250413,0.313979,0.0616401,-0.224409,0.322648,-0.685747,0.00460194,0.00306796,-0.00460194,-0.00460194,0.00460194,-0.0076699,
1.311414957,0.0248027,0.310988,0.0610529,-0.222271,0.319574,-0.679213,0.00460194,0.00306796,-0.00460194,-0.00460194,0.00460194,-0.0076699,
1.331444978,0.0243221,0.304962,0.0598698,-0.217963,0.313381,-0.666052,0.00460194,0.00306796,-0.00460194,-0.00460194,0.00460194,-0.0076699,
1.351421833,0.0238397,0.298913,0.0586823,-0.21364,0.307165,-0.652841,0.00460194,-0.00153398,-0.00460194,-0.00306796,0.00306796,-0.00460194,
1.381424903,0.0231102,0.289766,0.0568866,-0.207103,0.297766,-0.632864,0.00460194,-0.00153398,-0.00460194,-0.00306796,0.00306796,-0.00460194,
1.391429901,0.0228657,0.286701,0.0562849,-0.204912,0.294616,-0.62617,0.00460194,-0.00153398,-0.00460194,-0.00306796,0.00306796,-0.00460194,
1.411410808,0.0223761,0.280562,0.0550796,-0.200524,0.288307,-0.612761,0.00460194,-0.00460194,-0.00613592,-0.00306796,-0.00306796,-0.00460194,
1.431448936,0.0218833,0.274383,0.0538667,-0.196108,0.281958,-0.599267,0.00460194,-0.00460194,-0.00613592,-0.00306796,-0.00306796,-0.00460194,
1.451418876,0.0213909,0.268209,0.0526545,-0.191695,0.275613,-0.585781,0.00460194,-0.00613592,-0.0076699,-0.00460194,-0.00460194,-0.00460194,
1.471433877,0.0208963,0.262008,0.0514371,-0.187263,0.269241,-0.572238,0.00460194,-0.00613592,-0.0076699,-0.00460194,-0.00460194,-0.00460194,
1.511425971,0.0199064,0.249596,0.0490005,-0.178392,0.256487,-0.54513,0.00460194,-0.0076699,-0.0076699,-0.00460194,-0.00460194,-0.00460194,
1.531443834,0.0194108,0.243382,0.0477805,-0.173951,0.250101,-0.531558,0.00460194,-0.0076699,-0.0076699,-0.00460194,-0.00460194,-0.00460194,
1.551440000,0.0189161,0.237179,0.0465628,-0.169518,0.243727,-0.518011,0.00460194,-0.0076699,-0.0076699,-0.00460194,-0.00460194,-0.00460194,
1.571422815,0.0184225,0.230989,0.0453476,-0.165094,0.237366,-0.504492,0.00460194,-0.0076699,-0.0076699,-0.00460194,-0.00460194,-0.00460194,
1.591429948,0.0179293,0.224806,0.0441336,-0.160674,0.231012,-0.490986,0.00460194,-0.0076699,-0.0076699,-0.00460194,-0.00460194,-0.00460194,
1.611415863,0.017438,0.218646,0.0429244,-0.156272,0.224682,-0.477534,0.00460194,-0.0076699,-0.0076699,-0.00460194,-0.00460194,-0.00613592,
1.631443023,0.0169475,0.212496,0.0417169,-0.151876,0.218362,-0.464101,0.00460194,-0.0076699,-0.0076699,-0.00460194,-0.00460194,-0.00613592,
1.651420831,0.0164603,0.206387,0.0405177,-0.14751,0.212085,-0.450759,0.00460194,-0.00613592,-0.00613592,-0.00306796,-0.00460194,-0.00460194,
1.671409845,0.0159752,0.200305,0.0393237,-0.143163,0.205835,-0.437476,0.00460194,-0.00613592,-0.00613592,-0.00306796,-0.00460194,-0.00460194,
1.711423873,0.0150129,0.188239,0.0369549,-0.134539,0.193436,-0.411123,0.00460194,-0.00460194,0,-0.00306796,-0.00306796,-0.00460194,
1.751424789,0.0140647,0.176349,0.0346207,-0.126041,0.181218,-0.385155,0.00460194,-0.00460194,0.0076699,-0.00306796,0.00306796,-0.00460194,
1.771411895,0.0135968,0.170483,0.0334691,-0.121848,0.17519,-0.372344,0.00460194,-0.00460194,0.0076699,-0.00306796,0.00306796,-0.00460194,
1.791418790,0.0131329,0.164666,0.0323272,-0.117691,0.169212,-0.35964,0.00460194,-0.00460194,0.0076699,-0.00306796,0.00306796,-0.00460194,
1.831434965,0.0122195,0.153214,0.0300788,-0.109506,0.157444,-0.334627,0.00460194,-0.00153398,0.00460194,-0.00306796,0.00460194,-0.00460194,
1.861433982,0.0115486,0.144802,0.0284274,-0.103494,0.1488,-0.316255,0.00306796,0,0.00460194,-0.00306796,0.00460194,-0.00460194,
1.871433019,0.0113279,0.142034,0.027884,-0.101515,0.145955,-0.310209,0.00306796,0,0.00460194,-0.00306796,0.00460194,-0.00460194,
1.891556024,0.0108881,0.13652,0.0268015,-0.0975741,0.140289,-0.298166,0.00306796,0,0.00460194,-0.00306796,0.00460194,-0.00460194,
1.911433935,0.0104598,0.13115,0.0257473,-0.0937362,0.134771,-0.286439,0.00460194,0.00153398,0.00460194,-0.00460194,0.00306796,-0.00460194,
1.951422929,0.00961796,0.120594,0.023675,-0.0861917,0.123924,-0.263384,0.00460194,0.00306796,0.00306796,-0.00460194,0.00306796,-0.00460194,
1.971434831,0.00920706,0.115442,0.0226635,-0.0825094,0.118629,-0.252132,0.00460194,0.00306796,0.00306796,-0.00460194,0.00306796,-0.00460194,
1.991436958,0.00880362,0.110384,0.0216705,-0.078894,0.113431,-0.241084,0.00460194,0.00306796,0.00306796,-0.00460194,0.00306796,-0.00460194,
2.021485805,0.00821176,0.102963,0.0202136,-0.07359,0.105805,-0.224876,0.00306796,0.00153398,0.00306796,-0.00306796,0.00460194,-0.00460194,
2.031432867,0.0080197,0.100555,0.0197408,-0.0718689,0.103331,-0.219616,0.00306796,0.00153398,0.00306796,-0.00306796,0.00460194,-0.00460194,
2.061419010,0.0074528,0.0934467,0.0183454,-0.0667886,0.0960265,-0.204092,0.00306796,0.00306796,0.00460194,-0.00306796,0.00460194,-0.00460194,
2.071430921,0.00726764,0.0911251,0.0178896,-0.0651293,0.0936408,-0.199022,0.00306796,0.00306796,0.00460194,-0.00306796,0.00460194,-0.00460194,
2.101423025,0.00672568,0.0843297,0.0165555,-0.0602725,0.0866578,-0.18418,0.00306796,0.00153398,0.00306796,-0.00153398,0.00460194,-0.00460194,
2.111413955,0.00654946,0.0821201,0.0161217,-0.0586932,0.0843873,-0.179354,0.00306796,0.00153398,0.00306796,-0.00153398,0.00460194,-0.00460194,
2.141435861,0.00603321,0.0756472,0.014851,-0.0540668,0.0777356,-0.165217,0.00306796,0.00153398,0.00306796,-0.00153398,0.00460194,-0.00460194,
2.151444911,0.0058656,0.0735456,0.0144384,-0.0525648,0.075576,-0.160627,0.00306796,0.00306796,0.00306796,-0.00306796,0.00460194,-0.00460194,
2.171422004,0.00553793,0.0694372,0.0136318,-0.0496284,0.0713541,-0.151654,0.00306796,0.00306796,0.00306796,-0.00306796,0.00460194,-0.00460194,
2.191423892,0.00521914,0.06544,0.0128471,-0.0467715,0.0672466,-0.142924,0.00306796,0.00306796,0.00306796,-0.00306796,0.00460194,-0.00460194,
2.211421012,0.00490985,0.061562,0.0120858,-0.0439998,0.0632615,-0.134454,0.00306796,0.00153398,0.00306796,-0.00153398,0.00460194,-0.00460194,
2.231426000,0.00461,0.0578023,0.0113477,-0.0413127,0.059398,-0.126243,0.00306796,0.00153398,0.00306796,-0.00153398,0.00460194,-0.00460194,
2.271426916,0.00403956,0.0506498,0.00994352,-0.0362006,0.0520481,-0.110622,0.00460194,0.00153398,0.00306796,-0.00306796,0.00460194,-0.00460194,
2.281414985,0.00390325,0.0489407,0.009608,-0.0349791,0.0502919,-0.106889,0.00460194,0.00153398,0.00306796,-0.00306796,0.00460194,-0.00460194,
2.311409950,0.00350879,0.0439948,0.00863702,-0.0314442,0.0452094,-0.0960869,0.00306796,0.00153398,0.00306796,-0.00306796,0.00460194,-0.00460194,
2.321485996,0.00338132,0.0423966,0.00832325,-0.0303018,0.043567,-0.0925962,0.00306796,0.00153398,0.00306796,-0.00306796,0.00460194,-0.00460194,
2.331425905,0.00325807,0.0408512,0.00801986,-0.0291973,0.0419789,-0.0892209,0.00306796,0.00153398,0.00306796,-0.00306796,0.00460194,-0.00460194,
2.341420888,0.00313663,0.0393286,0.00772095,-0.0281091,0.0404143,-0.0858955,0.00306796,0.00153398,0.00306796,-0.00306796,0.00460194,-0.00460194,
2.351429939,0.00301755,0.0378354,0.00742781,-0.0270419,0.03888,-0.0826344,0.00306796,0,0.00306796,-0.00306796,0.00460194,-0.00460194,
2.371423959,0.00278723,0.0349475,0.00686087,-0.0249778,0.0359123,-0.0763271,0.00306796,0,0.00306796,-0.00306796,0.00460194,-0.00460194,
2.391433000,0.00256683,0.0321841,0.00631836,-0.0230028,0.0330727,-0.0702917,0.00306796,0,0.00306796,-0.00306796,0.00460194,-0.00460194,
2.421438932,0.00225526,0.0282775,0.00555141,-0.0202106,0.0290582,-0.0617594,0.00460194,0,0.00306796,-0.00306796,0.00306796,-0.00460194,
2.431421995,0.00215663,0.0270408,0.00530862,-0.0193267,0.0277873,-0.0590584,0.00460194,0,0.00306796,-0.00306796,0.00306796,-0.00460194,
2.451426982,0.00196651,0.024657,0.00484063,-0.0176229,0.0253377,-0.053852,0.00306796,0,0.00306796,-0.00306796,0.00460194,-0.00460194,
2.471409797,0.00178658,0.022401,0.00439774,-0.0160105,0.0230194,-0.0489249,0.00306796,0,0.00306796,-0.00306796,0.00460194,-0.00460194,
2.511413812,0.0014561,0.0182572,0.00358424,-0.0130489,0.0187613,-0.0398747,0.00306796,0,0.00306796,-0.00306796,0.00306796,-0.00460194,
2.531449794,0.00130528,0.0163662,0.003213,-0.0116973,0.0168181,-0.0357447,0.00306796,0,0.00306796,-0.00306796,0.00306796,-0.00460194,
2.551417827,0.00116459,0.0146022,0.00286668,-0.0104365,0.0150053,-0.0318918,0.00306796,0,0.00306796,-0.00306796,0.00460194,-0.00460194,
2.571414947,0.00103317,0.0129543,0.00254318,-0.00925877,0.013312,-0.0282929,0.00306796,0,0.00306796,-0.00306796,0.00460194,-0.00460194,
2.591450929,0.000910844,0.0114206,0.00224208,-0.00816256,0.0117359,-0.0249431,0.00306796,0,0.00306796,-0.00306796,0.00460194,-0.00460194,
2.621457815,0.000744762,0.00933817,0.00183326,-0.00667421,0.00959597,-0.020395,0.00460194,0.00153398,0.00306796,-0.00306796,0.00306796,-0.00460194,
2.631438970,0.000693968,0.00870129,0.00170823,-0.00621902,0.00894151,-0.0190041,0.00460194,0.00153398,0.00306796,-0.00306796,0.00306796,-0.00460194,
2.651423931,0.000598777,0.00750774,0.00147391,-0.00536596,0.00771501,-0.0163973,0.00306796,0.00153398,0.00306796,-0.00306796,0.00460194,-0.00460194,
2.671411991,0.00051206,0.00642044,0.00126045,-0.00458884,0.00659769,-0.0140226,0.00306796,0.00153398,0.00306796,-0.00306796,0.00460194,-0.00460194,
2.681423902,0.000471734,0.00591482,0.00116119,-0.00422746,0.00607811,-0.0129183,0.00306796,0.00153398,0.00306796,-0.00306796,0.00460194,-0.00460194,
2.691425800,0.000433476,0.00543513,0.00106702,-0.00388462,0.00558518,-0.0118706,0.00306796,0.00153398,0.00306796,-0.00306796,0.00460194,-0.00460194,
2.711449861,0.00036283,0.00454934,0.000893121,-0.00325152,0.00467493,-0.00993597,0.00306796,0.00153398,0.00306796,-0.00153398,0.00460194,-0.00460194,
2.731426954,0.0003,0.00376154,0.000738462,-0.00268846,0.00386539,-0.00821539,0.00306796,0.00153398,0.00306796,-0.00153398,0.00460194,-0.00460194,
2.751426935,0.000244428,0.00306476,0.00060167,-0.00219045,0.00314937,-0.00669358,0.00306796,0.00153398,0.00306796,-0.00306796,0.00460194,-0.00460194,
2.771439790,0.000195817,0.00245524,0.00048201,-0.00175482,0.00252302,-0.00536236,0.00306796,0.00153398,0.00306796,-0.00306796,0.00460194,-0.00460194,
2.791435003,0.000153868,0.00192927,0.000378752,-0.00137889,0.00198253,-0.00421362,0.00306796,0.00153398,0.00306796,-0.00306796,0.00460194,-0.00460194,
2.811414003,0.000118172,0.00148169,0.000290884,-0.001059,0.0015226,-0.00323609,0.00306796,0.00153398,0.00306796,-0.00153398,0.00460194,-0.00460194,
2.831436872,8.82175e-05,0.00110611,0.000217151,-0.000790565,0.00113665,-0.0024158,0.00306796,0.00153398,0.00306796,-0.00153398,0.00460194,-0.00460194,
2.851418018,6.36962e-05,0.000798653,0.000156791,-0.000570816,0.000820701,-0.0017443,0.00306796,0.00153398,0.00306796,-0.00306796,0.00460194,-0.00460194,
2.871415853,4.40632e-05,0.000552484,0.000108463,-0.000394874,0.000567737,-0.00120665,0.00306796,0.00153398,0.00306796,-0.00306796,0.00460194,-0.00460194,
2.881410837,3.59398e-05,0.00045063,8.84672e-05,-0.000322076,0.00046307,-0.000984197,0.00306796,0.00153398,0.00306796,-0.00306796,0.00460194,-0.00460194,
2.901429891,2.27386e-05,0.000285108,5.5972e-05,-0.000203773,0.000292979,-0.000622689,0.00306796,0.00153398,0.00306796,-0.00306796,0.00306796,-0.00460194,
2.911427974,1.75474e-05,0.000220017,4.31936e-05,-0.000157252,0.000226092,-0.000480529,0.00306796,0.00153398,0.00306796,-0.00306796,0.00306796,-0.00460194,
2.921475887,1.31795e-05,0.000165251,3.24418e-05,-0.000118109,0.000169813,-0.000360915,0.00306796,0.00153398,0.00306796,-0.00306796,0.00306796,-0.00460194,
2.951434850,4.51242e-06,5.65788e-05,1.11075e-05,-4.04382e-05,5.81408e-05,-0.000123571,0.00306796,0.00153398,0.00306796,-0.00306796,0.00460194,-0.00460194,
2.971407890,1.61273e-06,2.02211e-05,3.96979e-06,-1.44525e-05,2.07794e-05,-4.41639e-05,0.00306796,0.00153398,0.00306796,-0.00306796,0.00460194,-0.00460194,
2.991432905,3.66039e-07,4.58956e-06,9.01018e-07,-3.28027e-06,4.71627e-06,-1.00238e-05,0.00306796,0.00153398,0.00306796,-0.00306796,0.00460194,-0.00460194,
3.031564950,1.14693e-07,1.43808e-06,2.82322e-07,-1.02783e-06,1.47778e-06,-3.14083e-06,0.00306796,0.00153398,0.00306796,-0.00153398,0.00306796,-0.00460194,
3.051549911,1.14693e-07,1.43808e-06,2.82322e-07,-1.02783e-06,1.47778e-06,-3.14083e-06,0.00306796,0.00153398,0.00306796,-0.00153398,0.00460194,-0.00460194,
3.071511983,1.14693e-07,1.43808e-06,2.82322e-07,-1.02783e-06,1.47778e-06,-3.14083e-06,0.00306796,0.00153398,0.00306796,-0.00153398,0.00460194,-0.00460194,
3.081566810,1.14693e-07,1.43808e-06,2.82322e-07,-1.02783e-06,1.47778e-06,-3.14083e-06,0.00306796,0.00153398,0.00306796,-0.00153398,0.00460194,-0.00460194,
3.111506938,1.14693e-07,1.43808e-06,2.82322e-07,-1.02783e-06,1.47778e-06,-3.14083e-06,0.00306796,0.00153398,0.00306796,-0.00153398,0.00460194,-0.00460194,
3.131559848,1.14693e-07,1.43808e-06,2.82322e-07,-1.02783e-06,1.47778e-06,-3.14083e-06,0.00306796,0.00153398,0.00306796,-0.00153398,0.00460194,-0.00460194,
3.151551008,1.14693e-07,1.43808e-06,2.82322e-07,-1.02783e-06,1.47778e-06,-3.14083e-06,0.00306796,0.00153398,0.00306796,-0.00306796,0.00460194,-0.00460194,
3.191519975,1.14693e-07,1.43808e-06,2.82322e-07,-1.02783e-06,1.47778e-06,-3.14083e-06,0.00306796,0.00153398,0.00306796,-0.00306796,0.00460194,-0.00460194,
3.211509943,1.14693e-07,1.43808e-06,2.82322e-07,-1.02783e-06,1.47778e-06,-3.14083e-06,0.00306796,0,0.00306796,-0.00306796,0.00460194,-0.00460194,
3.231571912,1.14693e-07,1.43808e-06,2.82322e-07,-1.02783e-06,1.47778e-06,-3.14083e-06,0.00306796,0,0.00306796,-0.00306796,0.00460194,-0.00460194,
3.271565914,1.14693e-07,1.43808e-06,2.82322e-07,-1.02783e-06,1.47778e-06,-3.14083e-06,0.00306796,0,0.00306796,-0.00153398,0.00460194,-0.00460194,
3.291512966,1.14693e-07,1.43808e-06,2.82322e-07,-1.02783e-06,1.47778e-06,-3.14083e-06,0.00306796,0,0.00306796,-0.00153398,0.00460194,-0.00460194,
3.311505794,1.14693e-07,1.43808e-06,2.82322e-07,-1.02783e-06,1.47778e-06,-3.14083e-06,0.00306796,0.00153398,0.00306796,-0.00153398,0.00306796,-0.00460194,
3.331547975,1.14693e-07,1.43808e-06,2.82322e-07,-1.02783e-06,1.47778e-06,-3.14083e-06,0.00306796,0.00153398,0.00306796,-0.00153398,0.00306796,-0.00460194,
3.351635932,1.14693e-07,1.43808e-06,2.82322e-07,-1.02783e-06,1.47778e-06,-3.14083e-06,0.00306796,0.00153398,0.00306796,-0.00153398,0.00460194,-0.00460194,
3.371519804,1.14693e-07,1.43808e-06,2.82322e-07,-1.02783e-06,1.47778e-06,-3.14083e-06,0.00306796,0.00153398,0.00306796,-0.00153398,0.00460194,-0.00460194,
3.391538858,1.14693e-07,1.43808e-06,2.82322e-07,-1.02783e-06,1.47778e-06,-3.14083e-06,0.00306796,0.00153398,0.00306796,-0.00153398,0.00460194,-0.00460194,
3.431524991,1.14693e-07,1.43808e-06,2.82322e-07,-1.02783e-06,1.47778e-06,-3.14083e-06,0.00306796,0.00153398,0.00306796,-0.00306796,0.00306796,-0.00460194,
3.451531887,1.14693e-07,1.43808e-06,2.82322e-07,-1.02783e-06,1.47778e-06,-3.14083e-06,0.00306796,0.00153398,0.00306796,-0.00306796,0.00306796,-0.00460194,
3.471517801,1.14693e-07,1.43808e-06,2.82322e-07,-1.02783e-06,1.47778e-06,-3.14083e-06,0.00306796,0.00153398,0.00306796,-0.00306796,0.00306796,-0.00460194,
3.491515874,1.14693e-07,1.43808e-06,2.82322e-07,-1.02783e-06,1.47778e-06,-3.14083e-06,0.00306796,0.00153398,0.00306796,-0.00306796,0.00306796,-0.00460194,
3.511505842,1.14693e-07,1.43808e-06,2.82322e-07,-1.02783e-06,1.47778e-06,-3.14083e-06,0.00306796,0.00153398,0.00306796,-0.00306796,0.00306796,-0.00460194,
3.521655797,1.14693e-07,1.43808e-06,2.82322e-07,-1.02783e-06,1.47778e-06,-3.14083e-06,0.00306796,0.00153398,0.00306796,-0.00306796,0.00306796,-0.00460194,
3.541565895,1.14693e-07,1.43808e-06,2.82322e-07,-1.02783e-06,1.47778e-06,-3.14083e-06,0.00306796,0.00153398,0.00306796,-0.00306796,0.00306796,-0.00460194,
3.551548004,1.14693e-07,1.43808e-06,2.82322e-07,-1.02783e-06,1.47778e-06,-3.14083e-06,0.00306796,0.00153398,0.00306796,-0.00153398,0.00460194,-0.00460194,
3.591537952,1.14693e-07,1.43808e-06,2.82322e-07,-1.02783e-06,1.47778e-06,-3.14083e-06,0.00306796,0.00153398,0.00306796,-0.00153398,0.00460194,-0.00460194,
3.631538867,1.14693e-07,1.43808e-06,2.82322e-07,-1.02783e-06,1.47778e-06,-3.14083e-06,0.00306796,0.00153398,0.00306796,-0.00153398,0.00460194,-0.00460194,
3.651525020,1.14693e-07,1.43808e-06,2.82322e-07,-1.02783e-06,1.47778e-06,-3.14083e-06,0.00306796,0.00153398,0.00306796,-0.00153398,0.00306796,-0.00460194,
3.671501874,1.14693e-07,1.43808e-06,2.82322e-07,-1.02783e-06,1.47778e-06,-3.14083e-06,0.00306796,0.00153398,0.00306796,-0.00153398,0.00306796,-0.00460194,
3.681499004,1.14693e-07,1.43808e-06,2.82322e-07,-1.02783e-06,1.47778e-06,-3.14083e-06,0.00306796,0.00153398,0.00306796,-0.00153398,0.00306796,-0.00460194,
3.711505889,1.14693e-07,1.43808e-06,2.82322e-07,-1.02783e-06,1.47778e-06,-3.14083e-06,0.00306796,0,0.00306796,-0.00306796,0.00460194,-0.00460194,
3.731566905,1.14693e-07,1.43808e-06,2.82322e-07,-1.02783e-06,1.47778e-06,-3.14083e-06,0.00306796,0,0.00306796,-0.00306796,0.00460194,-0.00460194,
3.751545906,1.14693e-07,1.43808e-06,2.82322e-07,-1.02783e-06,1.47778e-06,-3.14083e-06,0.00306796,0.00153398,0.00306796,-0.00306796,0.00460194,-0.00460194,
3.761542797,1.14693e-07,1.43808e-06,2.82322e-07,-1.02783e-06,1.47778e-06,-3.14083e-06,0.00306796,0.00153398,0.00306796,-0.00306796,0.00460194,-0.00460194,
3.791507959,1.14693e-07,1.43808e-06,2.82322e-07,-1.02783e-06,1.47778e-06,-3.14083e-06,0.00306796,0.00153398,0.00306796,-0.00306796,0.00460194,-0.00460194,
3.831602811,1.14693e-07,1.43808e-06,2.82322e-07,-1.02783e-06,1.47778e-06,-3.14083e-06,0.00306796,0.00153398,0.00306796,-0.00306796,0.00306796,-0.00460194,
3.851532936,1.14693e-07,1.43808e-06,2.82322e-07,-1.02783e-06,1.47778e-06,-3.14083e-06,0.00306796,0.00153398,0.00306796,-0.00306796,0.00306796,-0.00460194,
3.871577978,1.14693e-07,1.43808e-06,2.82322e-07,-1.02783e-06,1.47778e-06,-3.14083e-06,0.00306796,0.00153398,0.00306796,-0.00306796,0.00306796,-0.00460194,
3.901639938,1.14693e-07,1.43808e-06,2.82322e-07,-1.02783e-06,1.47778e-06,-3.14083e-06,0.00306796,0.00153398,0.00306796,-0.00153398,0.00306796,-0.00460194,
3.911646842,1.14693e-07,1.43808e-06,2.82322e-07,-1.02783e-06,1.47778e-06,-3.14083e-06,0.00306796,0.00153398,0.00306796,-0.00153398,0.00306796,-0.00460194,
3.941537857,1.14693e-07,1.43808e-06,2.82322e-07,-1.02783e-06,1.47778e-06,-3.14083e-06,0.00306796,0.00153398,0.00306796,-0.00153398,0.00306796,-0.00460194,
3.951558828,1.14693e-07,1.43808e-06,2.82322e-07,-1.02783e-06,1.47778e-06,-3.14083e-06,0.00306796,0.00153398,0.00306796,-0.00306796,0.00460194,-0.00460194,
3.961583852,1.14693e-07,1.43808e-06,2.82322e-07,-1.02783e-06,1.47778e-06,-3.14083e-06,0.00306796,0.00153398,0.00306796,-0.00306796,0.00460194,-0.00460194,
3.991505861,1.14693e-07,1.43808e-06,2.82322e-07,-1.02783e-06,1.47778e-06,-3.14083e-06,0.00306796,0.00153398,0.00306796,-0.00306796,0.00460194,-0.00460194,
